Exercício 1:

Valor i:
0, 1, 2
Console:
1-22-333


Exercício 2:

Valor i:
0, 1, 2, 3, 4, 5, 6
Console:
1: Cristo Redentor
2: Chichén Itzá
3: Coliseu
4: Muralha da China
5: Petra
6: Machu Picchu
7: Taj Mahal


Exercício 3:

Valor i:
0, 1, 2
Console:
O valor buscado está entre as maravilhas

Exercício 4:

Valor mega_sena[6]: [33, 4, 47, 7, 11, 25]; (inicial)
[4, 33, 47, 7, 11, 25];
[4, 33, 47, 7, 11, 25];
[4, 33, 7, 47, 11, 25];
[4, 33, 7, 11, 47, 25];
[4, 33, 7, 11, 25, 47].

[4, 33, 7, 11, 25, 47];
[4, 7, 33, 11, 25, 47];
[4, 7, 11, 33, 25, 47];
[4, 7, 11, 33, 25, 47];
[4, 7, 11, 25, 33, 47].

[4, 7, 11, 25, 33, 47];
[4, 7, 11, 25, 33, 47];
[4, 7, 11, 25, 33, 47];
[4, 7, 11, 25, 33, 47];
[4, 7, 11, 25, 33, 47].

[4, 7, 11, 25, 33, 47];
[4, 7, 11, 25, 33, 47];
[4, 7, 11, 25, 33, 47];
[4, 7, 11, 25, 33, 47];
[4, 7, 11, 25, 33, 47].

[4, 7, 11, 25, 33, 47];
[4, 7, 11, 25, 33, 47];
[4, 7, 11, 25, 33, 47];
[4, 7, 11, 25, 33, 47];
[4, 7, 11, 25, 33, 47].

[4, 7, 11, 25, 33, 47];
[4, 7, 11, 25, 33, 47];
[4, 7, 11, 25, 33, 47];
[4, 7, 11, 25, 33, 47];
[4, 7, 11, 25, 33, 47].

Valor mega_sena[j]: 33, 4; 33; 47, 7; 47, 11; 47, 25.

4; 33, 7; 33, 11; 33, 25; 25.

4; 7; 11; 25; 33;

4; 7; 11; 25; 33;

4; 7; 11; 25; 33;

4; 7; 11; 25; 33;

Valor mega_sena[j + 1]: 4, 33; 47; 7, 47; 11, 47; 25, 47.

33; 7, 33; 11, 33; 25, 33; 47.

7; 11; 25; 33; 47.

7; 11; 25; 33; 47.

7; 11; 25; 33; 47.

7; 11; 25; 33; 47.

Valor aux: 33; 47; 47; 47.

33; 33; 33; 

Valor i: 0. 1. 2. 3. 4. 5
Valor j: 0; 1; 2; 3; 4. 0; 1; 2; 3; 4. 0; 1; 2; 3; 4. 0; 1; 2; 3; 4. 0; 1; 2; 3; 4. 0; 1; 2; 3; 4.

Console: 4 - 7 - 11 - 25 - 33 - 47

Exercício 5:

$matriz = [
[1, 2, 3],
[4, 5, 6],
[7, 8, 9]
];

for ($i = 0; $i < 3; $i++){
   for ($j = 0; $j < 3; $j++){
   print "$matriz[i][j] "}
print "\n"
}